

Date	  Time	Stream	 GPU	Channels  Records   Samples		Bytes	Skip	Time (ms)

2023-11-06  18:46:01	  1	  1	  4	    1	    0		 2	 1	0.000
2023-11-06  18:59:41	  1	  1	  4	    1	    0		 2	 1	0.000
2023-11-06  19: 0:57	  1	  1	  4	    1	    0		 2	 1	0.000
2023-11-06  19: 2:18	  1	  1	  4	    1	    0		 2	 1	0.000
2023-11-06  19: 3:27	  1	  1	  4	    1	    0		 2	 1	0.000
2023-11-06  19: 6:33	  1	  1	  4	    1	    0		 2	 1	0.000
2023-11-06  19: 7:35	  1	  1	  4	    1	    0		 2	 1	0.000
2023-11-06  19:11:21	  1	  1	  4	    1	    0		 2	 1	0.000
2023-11-06  19:12:28	  1	  1	  4	    1	    0		 2	 1	0.000
2023-11-06  19:15:38	  1	  1	  4	    1	    0		 2	 1	0.000
2023-11-06  19:17:33	  1	  1	  4	    1	    0		 2	 1	0.000
2023-11-06  19:17:54	  1	  1	  4	    1	    0		 2	 1	0.000
2023-11-06  19:23:31	  1	  1	  4	    1	    1000		 2	 1	0.000
2023-11-06  19:25:43	  1	  1	  4	    1	    1000		 2	 1	0.000
2023-11-06  19:27:25	  1	  1	  4	    1	    1000		 2	 1	0.000
2023-11-06  19:34:50	  1	  1	  4	    1	    8000000064		 2	 1	0.000
2023-11-06  19:36:12	  1	  1	  4	    1	    1000		 2	 1	0.000
2023-11-06  19:38:10	  1	  1	  4	    1	    8000000064		 2	 1	-4382.109
2023-11-06  19:44:46	  1	  1	  4	    1	    8000000064		 2	 1	5285.675
2023-11-06  19:46:28	  1	  1	  4	    1	    8000000064		 2	 1	4410.484
2023-11-30  13:39:45	  1	  1	  4	    1	    8000000064		 2	 1	3764.225
2023-11-30  14:10:46	  1	  1	  4	    1	    8000000064		 2	 1	2487.032
